1 1 411 0 1 1
1 2 411 0 2 1
1 3 411 0 5 1
1 4 411 0 4 1
1 5 411 0 8 2
2 6 923 1 7 1
2 7 923 8 7 1
2 8 923 9 7 1
2 9 923 10 7 1
2 10 923 5 12 2
3 11 913 0 1 1
3 12 913 0 6 1
3 13 913 2 6 1
3 14 913 6 3 1
3 15 913 6 8 1
3 16 913 6 8 1
3 17 913 3 2 1
3 18 913 3 6 1
3 19 913 8 6 1
3 20 913 8 9 1
5 21 369 4 5 1
5 22 369 4 7 1
5 23 369 0 7 1
5 24 369 1 7 1
5 25 369 19 18 1
5 26 369 20 18 1
5 27 369 5 2 1
5 28 369 18 2 2
5 29 369 15 3 2
6 30 303 7 3 2
6 31 303 7 4 2
6 32 303 7 5 2
6 33 303 7 6 2
6 34 303 7 0 1
6 35 303 7 2 1
6 36 303 7 15 2
6 37 303 8 3 3
6 38 303 8 4 3
6 39 303 8 5 3
6 40 303 8 6 3
6 41 303 8 2 2
6 42 303 8 15 2
6 43 303 9 4 2
6 44 303 9 5 3
6 45 303 9 6 2
6 46 303 9 0 1
6 47 303 9 2 2
6 48 303 10 3 2
6 49 303 10 4 2
6 50 303 10 5 3
6 51 303 10 6 2
6 52 303 10 0 1
6 53 303 10 2 3
6 54 303 0 3 1
6 55 303 0 4 1
6 56 303 0 5 1
6 57 303 0 6 1
6 58 303 0 2 1
6 59 303 0 15 1
6 60 303 2 1 1
6 61 303 2 4 1
6 62 303 2 5 1
6 63 303 2 6 1
7 64 100 3 4 1
7 65 100 18 4 2
7 66 100 0 4 1
7 67 100 1 4 1
7 68 100 2 3 1
7 69 100 2 4 1
8 70 497 0 1 1
8 71 497 0 24 3
8 72 497 0 3 3
8 73 497 0 2 1
8 74 497 24 16 2
8 75 497 3 24 1
8 76 497 3 2 1
8 77 497 4 24 1
8 78 497 4 2 1
8 79 497 22 24 1
9 80 733 0 2 3
9 81 733 0 3 3
9 82 733 0 5 3
9 83 733 5 6 1
9 84 733 5 9 1
9 85 733 5 17 1
9 86 733 5 7 1
9 87 733 5 8 1
9 88 733 5 1 1
9 89 733 6 5 1
9 90 733 6 9 1
9 91 733 6 17 1
9 92 733 6 7 1
9 93 733 6 8 1
9 94 733 9 5 1
9 95 733 9 6 1
9 96 733 9 7 1
9 97 733 9 8 1
9 98 733 16 17 1
9 99 733 17 5 1
9 100 733 17 6 1
9 101 733 17 16 1
9 102 733 17 7 2
9 103 733 17 8 2
9 104 733 17 1 2
9 105 733 7 5 1
9 106 733 7 6 1
9 107 733 7 9 1
9 108 733 7 17 2
9 109 733 7 8 1
9 110 733 7 1 2
9 111 733 8 5 1
9 112 733 8 6 1
9 113 733 8 9 1
9 114 733 8 17 2
9 115 733 8 7 1
9 116 733 8 1 2
9 117 733 1 5 2
9 118 733 1 17 2
9 119 733 1 7 2
9 120 733 1 8 2
51 649 941 15 17 3
51 650 941 15 0 1
51 651 941 0 1 1
51 652 941 0 2 1
51 653 941 0 18 1
51 654 941 13 12 1
51 655 941 15 2 3
52 656 811 0 4 3
52 657 811 0 1 3
52 658 811 0 3 3
53 659 655 0 2 1
53 660 655 0 3 1
53 661 655 0 5 1
54 662 654 1 3 1
54 663 654 2 3 1
54 664 654 2 3 1
54 665 654 3 2 1
54 666 654 3 7 2
54 667 654 3 9 2
54 668 654 5 3 3
54 669 654 6 3 3
54 670 654 7 3 3
54 671 654 7 3 3
54 672 654 8 3 3
54 673 654 9 3 3
54 674 654 9 3 3
54 675 654 10 3 3
54 676 654 11 3 2
54 677 654 11 13 3
54 678 654 17 3 2
54 679 654 17 11 3
54 680 654 18 3 2
54 681 654 18 11 3
54 682 654 0 2 1
54 683 654 0 3 1
54 684 654 0 4 1
54 685 654 0 11 2
54 686 654 16 3 1
55 687 289 2 1 2
55 688 289 2 4 1
55 689 289 4 1 2
55 690 289 0 1 2
55 691 289 2 0 2
56 692 66 11 2 1
56 693 66 8 5 2
56 694 66 8 2 1
56 695 66 9 5 2
56 696 66 9 2 1
56 697 66 12 5 2
56 698 66 12 2 1
56 699 66 10 2 1
56 700 66 16 5 2
56 701 66 16 7 2
56 702 66 16 0 2
56 703 66 16 3 2
56 704 66 16 2 2
56 705 66 17 5 2
56 706 66 17 2 2
56 707 66 18 5 2
56 708 66 18 2 2
56 709 66 2 5 1
56 710 66 2 16 2
56 711 66 14 5 2
56 712 66 14 7 2
56 713 66 14 2 2
56 714 66 26 2 1
56 715 66 11 5 2
56 716 66 16 19 1
56 717 66 17 14 1
56 718 66 18 14 1
57 719 89 11 3 2
57 720 89 6 3 2
57 721 89 6 3 2
57 722 89 6 4 2
57 723 89 11 2 2
58 724 92 0 1 1
58 725 92 0 2 1
58 726 92 0 3 3
58 727 92 0 14 3
58 728 92 0 4 3
59 729 229 0 6 1
59 730 229 0 14 2
59 731 229 0 20 1
59 732 229 0 2 1
59 733 229 4 3 1
59 734 229 4 8 1
59 735 229 4 10 1
59 736 229 4 0 1
59 737 229 0 1 1
60 738 792 1 2 1
60 739 792 1 3 1
60 740 792 2 1 1
60 741 792 2 3 1
60 742 792 2 3 1
60 743 792 3 2 1
60 744 792 3 8 2
60 745 792 7 3 2
60 746 792 7 8 1
60 747 792 9 3 2
60 748 792 8 3 2
60 749 792 8 3 2
60 750 792 11 3 2
60 751 792 10 3 2
60 752 792 20 1 2
60 753 792 20 3 2
60 754 792 0 1 1
60 755 792 0 2 1
60 756 792 0 3 1
61 757 15 0 3 1
61 758 15 5 3 1
61 759 15 1 3 1
62 760 932 0 1 1
62 761 932 0 2 1
62 762 932 0 4 1
62 763 932 12 0 3
63 764 715 0 1 1
63 765 715 0 1 1
63 766 715 0 7 1
63 767 715 0 10 1
63 768 715 1 0 1
63 769 715 1 10 2
63 770 715 5 1 1
63 771 715 6 1 1
63 772 715 10 1 2
63 773 715 10 1 2
63 774 715 11 1 2
63 775 715 12 1 2
63 776 715 12 13 1
63 777 715 14 1 2
64 778 623 0 1 1
64 779 623 0 21 1
64 780 623 0 2 1
64 781 623 0 3 1
64 782 623 20 3 2
64 783 623 21 23 1
64 784 623 11 3 2
64 785 623 13 3 2
64 786 623 14 3 2
64 787 623 15 3 2
64 788 623 16 3 2
64 789 623 17 19 1
65 790 967 2 0 1
65 791 967 2 7 1
65 792 967 0 2 1
65 793 967 0 3 1
65 794 967 7 2 1
65 795 967 9 2 2
65 796 967 9 7 1
65 797 967 13 2 2
65 798 967 13 7 1
66 799 371 3 11 1
66 800 371 3 2 1
66 801 371 13 11 1
66 802 371 13 2 1
66 803 371 0 1 1
66 804 371 0 2 1
66 805 371 10 11 1
66 806 371 10 2 1
67 807 790 0 1 1
67 808 790 0 2 1
67 809 790 0 6 3
67 810 790 19 16 2
67 811 790 20 18 1
67 812 790 21 0 3
67 813 790 24 25 1
68 814 63 2 0 3
68 815 63 3 0 3
68 816 63 5 0 3
68 817 63 6 0 3
68 818 63 7 0 3
68 819 63 8 0 3
68 820 63 9 0 3
68 821 63 13 0 3
68 822 63 17 0 3
68 823 63 14 0 3
68 824 63 15 0 3
68 825 63 15 1 1
68 826 63 12 0 2
68 827 63 10 0 2
68 828 63 11 0 2
68 829 63 16 0 2
68 830 63 1 0 1
69 831 276 0 1 1
69 832 276 0 3 1
69 833 276 0 10 1
69 834 276 0 2 1
69 835 276 3 10 1
69 836 276 7 10 2
69 837 276 11 3 2
69 838 276 0 5 1
69 839 276 11 10 2
70 840 628 0 1 1
70 841 628 0 21 1
70 842 628 0 7 3
70 843 628 0 22 3
70 844 628 0 6 3
70 845 628 0 2 3
70 846 628 9 10 1
70 847 628 22 0 3
70 848 628 12 9 3
70 849 628 12 13 1
71 850 936 0 3 1
71 851 936 0 4 3
71 852 936 0 5 3
71 853 936 0 1 1
71 854 936 0 2 1
71 855 936 0 7 3
71 856 936 3 4 2
71 857 936 3 5 2
71 858 936 4 5 1
71 859 936 5 4 1
71 860 936 5 12 2
71 861 936 6 3 2
71 862 936 9 5 2
71 863 936 7 5 1
71 864 936 8 5 1
72 865 103 0 1 1
72 866 103 0 3 1
72 867 103 0 4 1
72 868 103 0 17 1
72 869 103 3 0 1
72 870 103 3 17 2
72 871 103 6 0 1
72 872 103 6 7 2
72 873 103 7 6 1
72 874 103 11 12 1
72 875 103 13 12 1
72 876 103 16 17 3
72 877 103 17 3 2
72 878 103 17 16 2
72 879 103 17 18 2
72 880 103 19 17 3
72 881 103 17 16 1
72 882 103 17 19 2
73 883 40 0 1 1
73 884 40 0 1 1
73 885 40 0 7 1
73 886 40 0 9 3
73 887 40 0 13 3
73 888 40 0 2 1
73 889 40 3 1 1
73 890 40 4 0 3
73 891 40 4 1 2
73 892 40 6 0 3
73 893 40 6 1 2
73 894 40 6 4 1
73 895 40 9 1 2
73 896 40 5 0 3
73 897 40 13 0 3
73 898 40 13 0 3
73 899 40 14 0 2
74 900 955 0 9 3
74 901 955 0 2 1
74 902 955 0 3 1
74 903 955 0 1 1
74 904 955 0 5 3
74 905 955 12 3 2
74 906 955 20 15 2
74 907 955 4 15 2
75 908 567 0 4 3
75 909 567 0 14 3
75 910 567 0 1 1
75 911 567 0 2 1
75 912 567 0 11 3
75 913 567 6 3 2
75 914 567 13 12 1
75 915 567 3 5 2
75 916 567 3 6 2
75 917 567 18 19 1
75 918 567 11 3 2
76 919 201 5 1 1
76 920 201 7 1 2
76 921 201 9 1 2
76 922 201 6 1 2
76 923 201 6 7 1
77 924 124 6 1 2
77 925 124 6 2 2
77 926 124 9 1 2
77 927 124 9 2 2
77 928 124 1 7 1
77 929 124 1 2 1
77 930 124 7 1 1
77 931 124 7 2 2
78 932 813 4 5 1
78 933 813 5 0 3
78 934 813 9 5 3
78 935 813 9 0 3
78 936 813 11 5 3
78 937 813 11 0 3
78 938 813 17 5 3
78 939 813 17 0 3
78 940 813 18 5 3
78 941 813 0 4 3
78 942 813 0 4 3
78 943 813 0 5 3
78 944 813 0 5 3
78 945 813 3 5 1
78 946 813 1 5 2
78 947 813 10 5 2
78 948 813 10 0 2
78 949 813 7 5 2
78 950 813 7 0 2
78 951 813 8 5 2
78 952 813 16 5 2
78 953 813 16 0 2
78 954 813 15 5 2
78 955 813 12 5 2
78 956 813 19 5 2
79 957 848 2 3 1
79 958 848 3 2 1
79 959 848 3 2 1
79 960 848 4 2 2
79 961 848 4 0 1
79 962 848 4 0 1
79 963 848 5 2 3
79 964 848 9 2 2
79 965 848 14 2 3
79 966 848 12 2 1
79 967 848 0 2 1
79 968 848 1 2 1
79 969 848 7 2 2
79 970 848 7 0 3
80 971 612 13 5 2
80 972 612 13 11 1
80 973 612 11 5 1
80 974 612 15 19 2
80 975 612 15 16 1
80 976 612 16 2 1
80 977 612 16 5 2
81 978 455 6 0 1
81 979 455 6 3 2
81 980 455 11 3 3
81 981 455 17 15 1
81 982 455 8 10 1
81 983 455 8 3 3
81 984 455 9 8 1
81 985 455 9 3 3
81 986 455 10 0 2
81 987 455 10 11 1
81 988 455 10 8 1
81 989 455 10 9 1
81 990 455 10 3 3
81 991 455 3 0 2
81 992 455 3 1 2
81 993 455 3 6 2
81 994 455 3 11 3
81 995 455 3 8 3
81 996 455 3 9 3
81 997 455 3 10 3
81 998 455 3 5 3
81 999 455 18 0 2
81 1000 455 5 0 1
81 1001 455 5 1 2
81 1002 455 5 11 2
81 1003 455 5 8 2
81 1004 455 5 9 2
81 1005 455 5 10 2
81 1006 455 5 3 1
82 1007 287 24 9 3
82 1008 287 16 9 2
82 1009 287 16 17 1
82 1010 287 3 9 2
82 1011 287 8 9 2
82 1012 287 8 9 2
82 1013 287 0 2 3
82 1014 287 0 9 3
82 1015 287 0 9 3
83 1016 26 4 2 2
83 1017 26 6 2 3
83 1018 26 7 2 2
83 1019 26 7 2 2
83 1020 26 9 1 2
83 1021 26 10 2 2
83 1022 26 10 2 2
83 1023 26 11 2 2
83 1024 26 11 2 2
83 1025 26 2 7 2
83 1026 26 2 10 2
83 1027 26 2 11 2
83 1028 26 4 2 2
83 1029 26 0 2 2
84 1030 743 0 1 1
84 1031 743 0 7 3
84 1032 743 0 8 3
84 1033 743 0 2 3
84 1034 743 14 12 1
84 1035 743 5 1 2
84 1036 743 5 6 1
84 1037 743 11 2 1
84 1038 743 11 10 1
84 1039 743 13 12 1
85 1040 739 11 6 1
85 1041 739 11 6 1
85 1042 739 11 12 1
85 1043 739 16 17 1
85 1044 739 18 16 1
85 1045 739 18 15 1
85 1046 739 19 16 1
85 1047 739 19 15 1
85 1048 739 20 16 1
85 1049 739 20 15 1
85 1050 739 21 15 1
85 1051 739 23 25 1
85 1052 739 24 25 1
85 1053 739 24 25 1
85 1054 739 25 24 1
85 1055 739 0 1 1
85 1056 739 0 11 1
85 1057 739 0 2 1
85 1058 739 0 4 1
85 1059 739 15 24 1
86 1060 295 11 10 1
86 1061 295 13 10 1
87 1062 462 0 2 1
87 1063 462 0 3 1
87 1064 462 0 8 3
87 1065 462 0 1 1
87 1066 462 21 2 3
87 1067 462 21 8 3
87 1068 462 22 2 3
88 1069 153 0 2 1
88 1070 153 0 11 1
88 1071 153 0 23 3
88 1072 153 0 1 1
88 1073 153 0 4 1
88 1074 153 5 11 1
88 1075 153 8 10 1
88 1076 153 11 4 2
88 1077 153 11 4 2
88 1078 153 9 10 1
88 1079 153 0 10 2
88 1080 153 5 4 1
89 1081 610 5 3 2
89 1082 610 5 13 2
89 1083 610 17 3 1
89 1084 610 17 5 2
89 1085 610 0 1 1
89 1086 610 0 3 1
89 1087 610 0 4 1
89 1088 610 0 5 3
89 1089 610 0 8 3
89 1090 610 0 9 3
89 1091 610 0 12 3
89 1092 610 0 10 3
89 1093 610 0 11 3
89 1094 610 20 1 1
89 1095 610 21 1 1
89 1096 610 22 23 1
89 1097 610 24 23 1
90 1098 459 1 10 3
90 1099 459 1 11 3
90 1100 459 1 12 3
90 1101 459 1 6 3
90 1102 459 12 1 2
90 1103 459 2 1 1
90 1104 459 3 1 1
90 1105 459 5 1 1
90 1106 459 16 11 2
91 1107 742 0 2 1
91 1108 742 0 6 1
91 1109 742 0 10 2
91 1110 742 4 0 3
91 1111 742 8 13 2
92 1112 822 1 2 1
92 1113 822 1 2 1
92 1114 822 1 0 1
92 1115 822 2 1 1
92 1116 822 0 1 1
92 1117 822 0 2 1
93 1118 957 2 6 1
93 1119 957 2 6 1
93 1120 957 15 1 1
93 1121 957 15 2 1
93 1122 957 15 6 1
93 1123 957 15 11 1
93 1124 957 6 2 1
93 1125 957 11 2 1
93 1126 957 11 6 2
93 1127 957 5 6 1
93 1128 957 7 6 1
93 1129 957 0 1 1
93 1130 957 0 2 1
93 1131 957 0 6 1
93 1132 957 0 11 1
93 1133 957 14 2 1
93 1134 957 14 6 2
94 1135 951 3 4 1
94 1136 951 3 4 1
94 1137 951 3 6 1
94 1138 951 4 5 1
94 1139 951 4 6 1
94 1140 951 5 4 1
94 1141 951 5 6 1
94 1142 951 11 6 2
94 1143 951 17 15 3
94 1144 951 19 6 3
94 1145 951 24 6 2
94 1146 951 0 4 1
94 1147 951 0 6 1
94 1148 951 7 6 3
94 1149 951 8 4 2
94 1150 951 8 5 2
94 1151 951 8 6 3
94 1152 951 10 4 2
94 1153 951 10 6 3
94 1154 951 13 6 2
94 1155 951 27 6 2
94 1156 951 9 4 2
94 1157 951 9 4 2
94 1158 951 9 6 2
95 1159 99 1 4 1
95 1160 99 2 4 1
95 1161 99 3 4 1
95 1162 99 3 4 1
95 1163 99 4 3 1
95 1164 99 5 4 2
95 1165 99 7 4 2
95 1166 99 8 4 2
95 1167 99 10 4 2
95 1168 99 13 4 1
95 1169 99 6 3 2
95 1170 99 6 4 1
95 1171 99 0 3 1
95 1172 99 0 4 1
95 1173 99 0 9 1
95 1174 99 11 4 2
95 1175 99 5 10 2
95 1176 99 10 5 2
95 1177 99 10 3 2
96 1178 600 3 4 1
96 1179 600 4 3 1
96 1180 600 28 29 1
96 1181 600 0 1 1
96 1182 600 0 3 1
96 1183 600 0 2 1
96 1184 600 16 0 3
96 1185 600 18 0 3
96 1186 600 20 0 3
96 1187 600 22 0 3
97 1188 402 8 1 2
97 1189 402 0 6 3
97 1190 402 0 7 3
97 1191 402 0 3 1
97 1192 402 0 2 1
97 1193 402 0 5 3
97 1194 402 3 4 1
97 1195 402 3 6 2
97 1196 402 3 7 2
97 1197 402 3 2 2
97 1198 402 2 1 1
97 1199 402 12 11 1
98 1200 915 1 3 1
98 1201 915 1 2 1
98 1202 915 1 0 1
98 1203 915 3 1 1
98 1204 915 3 2 1
98 1205 915 21 0 1
98 1206 915 21 20 1
98 1207 915 2 1 1
98 1208 915 2 3 1
98 1209 915 2 3 1
98 1210 915 7 3 3
98 1211 915 0 1 1
98 1212 915 0 3 1
98 1213 915 0 21 1
98 1214 915 6 3 3
98 1215 915 9 3 3
98 1216 915 11 3 3
98 1217 915 14 12 1
98 1218 915 14 12 1
98 1219 915 19 3 3
99 1220 30 2 9 3
99 1221 30 2 9 3
99 1222 30 9 2 3
99 1223 30 10 9 3
99 1224 30 15 9 3
99 1225 30 15 9 3
99 1226 30 16 9 3
99 1227 30 17 9 3
99 1228 30 1 9 3
99 1229 30 3 9 3
99 1230 30 4 9 3
99 1231 30 5 9 3
99 1232 30 13 9 3
99 1233 30 14 9 3
99 1234 30 11 9 3
99 1235 30 12 9 2
99 1236 30 0 8 3
100 1237 909 2 3 1
100 1238 909 5 7 1
100 1239 909 15 3 2
100 1240 909 1 2 1
100 1241 909 1 3 1
100 1242 909 1 3 1
101 1243 174 17 2 1
101 1244 174 7 3 2
101 1245 174 8 17 2
101 1246 174 8 3 2
101 1247 174 9 3 2
101 1248 174 10 3 2
101 1249 174 11 3 2
101 1250 174 6 3 2
101 1251 174 16 1 1
101 1252 174 16 17 1
101 1253 174 16 11 3
101 1254 174 16 12 3
101 1255 174 16 3 1
101 1256 174 16 4 1
101 1257 174 16 5 3
101 1258 174 16 2 1
101 1259 174 0 1 1
101 1260 174 0 17 1
101 1261 174 0 7 3
101 1262 174 0 8 3
101 1263 174 0 9 3
101 1264 174 0 10 3
101 1265 174 0 11 3
101 1266 174 0 12 3
101 1267 174 0 3 1
101 1268 174 0 4 1
101 1269 174 0 5 3
101 1270 174 0 6 3
101 1271 174 0 2 1
101 1272 174 25 21 2
101 1273 174 26 2 2
101 1274 174 26 22 1
101 1275 174 27 23 1
101 1276 174 20 2 1
101 1277 174 24 21 1
101 1278 174 7 17 3
102 1279 118 2 16 2
102 1280 118 2 1 1
102 1281 118 7 1 1
102 1282 118 16 2 2
102 1283 118 2 16 2
102 1284 118 2 1 1
102 1285 118 1 2 1
102 1286 118 1 3 1
102 1287 118 1 7 1
103 1288 881 0 12 3
103 1289 881 0 16 3
103 1290 881 0 17 3
103 1291 881 0 19 3
103 1292 881 0 20 3
103 1293 881 0 21 3
103 1294 881 0 2 1
103 1295 881 0 18 3
103 1296 881 0 23 3
103 1297 881 0 10 3
103 1298 881 0 15 3
103 1299 881 0 22 3
104 1300 548 6 9 3
104 1301 548 7 5 3
104 1302 548 7 1 3
104 1303 548 7 16 2
104 1304 548 17 5 1
104 1305 548 17 16 1
104 1306 548 19 1 1
104 1307 548 19 16 1
104 1308 548 0 2 1
104 1309 548 1 5 1
104 1310 548 1 16 1
104 1311 548 1 26 2
104 1312 548 14 9 1
104 1313 548 16 5 2
104 1314 548 16 26 2
104 1315 548 16 26 2
105 1316 277 3 9 3
105 1317 277 5 3 1
105 1318 277 5 2 1
105 1319 277 5 2 1
105 1320 277 8 3 2
105 1321 277 8 2 3
105 1322 277 9 3 3
105 1323 277 9 2 3
105 1324 277 12 3 3
105 1325 277 12 0 1
105 1326 277 12 2 2
105 1327 277 22 3 1
105 1328 277 22 2 1
105 1329 277 0 1 1
105 1330 277 0 3 1
105 1331 277 0 12 1
105 1332 277 0 22 1
105 1333 277 0 2 1
105 1334 277 7 3 3
105 1335 277 7 2 3
105 1336 277 2 9 1
105 1337 277 17 3 2
105 1338 277 17 2 2
105 1339 277 5 3 1
105 1340 277 3 2 1
106 1341 714 6 5 1
106 1342 714 0 5 3
106 1343 714 0 5 3
106 1344 714 0 6 1
106 1345 714 0 8 3
106 1346 714 0 14 3
106 1347 714 0 4 1
106 1348 714 0 2 1
106 1349 714 0 3 1
106 1350 714 1 2 1
107 1351 708 3 4 1
107 1352 708 3 1 2
107 1353 708 4 3 1
107 1354 708 4 8 3
107 1355 708 6 3 2
107 1356 708 1 3 2
107 1357 708 1 8 3
107 1358 708 10 1 2
108 1359 34 1 2 1
108 1360 34 1 3 1
108 1361 34 2 1 1
108 1362 34 3 1 1
108 1363 34 0 2 1
108 1364 34 0 3 1
108 1365 34 7 4 2
109 1366 530 5 15 1
109 1367 530 19 4 2
109 1368 530 1 12 2
109 1369 530 13 3 2
109 1370 530 13 24 2
109 1371 530 0 1 1
109 1372 530 15 3 2
109 1373 530 15 16 3
109 1374 530 16 3 1
109 1375 530 16 15 3
109 1376 530 20 14 3
109 1377 530 20 22 1
109 1378 530 22 1 3
109 1379 530 22 14 2
109 1380 530 24 13 2
109 1381 530 21 3 2
109 1382 530 12 26 3
109 1383 530 15 5 1
110 1384 649 10 2 2
110 1385 649 7 2 2
111 1386 838 3 4 2
111 1387 838 6 3 2
111 1388 838 6 3 2
111 1389 838 6 4 2
111 1390 838 0 3 2
111 1391 838 0 4 1
111 1392 838 2 3 1
111 1393 838 2 3 1
111 1394 838 2 4 1
112 1395 395 7 1 1
112 1396 395 7 2 1
113 1397 767 4 14 3
113 1398 767 4 3 1
113 1399 767 4 6 2
113 1400 767 5 14 2
113 1401 767 5 3 1
113 1402 767 5 6 1
113 1403 767 18 2 3
113 1404 767 0 15 3
113 1405 767 0 7 3
113 1406 767 0 8 3
113 1407 767 0 9 3
113 1408 767 0 10 3
113 1409 767 0 10 3
113 1410 767 0 11 3
113 1411 767 0 12 3
113 1412 767 0 13 3
113 1413 767 0 14 3
113 1414 767 0 14 3
113 1415 767 0 2 1
113 1416 767 0 3 1
113 1417 767 0 1 1
113 1418 767 3 4 3
113 1419 767 3 14 3
113 1420 767 3 2 2
113 1421 767 21 19 2
113 1422 767 6 4 3
113 1423 767 6 14 3
113 1424 767 6 2 2
114 1425 499 0 1 1
114 1426 499 12 0 3
114 1427 499 13 0 3
114 1428 499 18 0 3
114 1429 499 23 0 3
114 1430 499 3 0 3
114 1431 499 5 0 3
114 1432 499 4 0 3
114 1433 499 8 0 3
114 1434 499 9 0 3
114 1435 499 10 0 3
114 1436 499 17 0 3
114 1437 499 19 0 3
114 1438 499 20 0 3
114 1439 499 11 0 3
114 1440 499 16 0 3
114 1441 499 22 0 3
114 1442 499 21 0 3
114 1443 499 14 0 3
114 1444 499 15 0 3
